[ 1  2  3 10 11 25 27 35 73 74 82 97] [ 4  8 12 24 36 72] [16 20 28 32 40 44 48 60 76 80 84 96]
[ 0  2  3 10 11 12 14 22 36 39 47 48] [ 5  9 13 25 37 73] [17 21 29 33 41 45 49 61 77 81 85 97]
[ 0  1  3  4  5 25 27 29 36 39 40 63] [ 6 10 14 26 38 74] [18 22 30 34 42 46 50 62 78 82 86 98]
[ 0  1  2  4  5 12 14 16 73 74 77 86] [ 7 11 15 27 39 75] [19 23 31 35 43 47 51 63 79 83 87 99]
[  2   3   5   6   7  27  29  31  74  77  78 101] [ 0  8 16 28 40 76] [ 12  20  24  32  36  44  52  64  72  80  88 100]
[ 2  3  4  6  7 14 16 18 39 40 43 52] [ 1  9 17 29 41 77] [ 13  21  25  33  37  45  53  65  73  81  89 101]
[ 4  5  7  8  9 29 31 33 40 43 44 67] [ 2 10 18 30 42 78] [ 14  22  26  34  38  46  54  66  74  82  90 102]
[ 4  5  6  8  9 16 18 20 77 78 81 90] [ 3 11 19 31 43 79] [ 15  23  27  35  39  47  55  67  75  83  91 103]
[  6   7   9  10  11  31  33  35  78  81  82 105] [ 0  4 20 32 44 80] [ 12  16  24  28  36  40  56  68  72  76  92 104]
[ 6  7  8 10 11 18 20 22 43 44 47 56] [ 1  5 21 33 45 81] [ 13  17  25  29  37  41  57  69  73  77  93 105]
[ 0  1  8  9 11 25 33 35 36 44 47 71] [ 2  6 22 34 46 82] [ 14  18  26  30  38  42  58  70  74  78  94 106]
[ 0  1  8  9 10 12 20 22 73 81 82 94] [ 3  7 23 35 47 83] [ 15  19  27  31  39  43  59  71  75  79  95 107]
[ 1  3 11 13 14 15 22 23 73 85 86 94] [ 0 16 20 24 48 84] [ 4  8 28 32 36 52 56 60 72 88 92 96]
[12 14 15 22 23 24 26 34 48 51 59 60] [ 1 17 21 25 49 85] [ 5  9 29 33 37 53 57 61 73 89 93 97]
[ 1  3  5 12 13 15 16 17 39 48 51 52] [ 2 18 22 26 50 86] [ 6 10 30 34 38 54 58 62 74 90 94 98]
[12 13 14 16 17 24 26 28 85 86 89 98] [ 3 19 23 27 51 87] [ 7 11 31 35 39 55 59 63 75 91 95 99]
[ 3  5  7 14 15 17 18 19 77 86 89 90] [ 4 12 20 28 52 88] [  0   8  24  32  40  48  56  64  76  84  92 100]
[14 15 16 18 19 26 28 30 51 52 55 64] [ 5 13 21 29 53 89] [  1   9  25  33  41  49  57  65  77  85  93 101]
[ 5  7  9 16 17 19 20 21 43 52 55 56] [ 6 14 22 30 54 90] [  2  10  26  34  42  50  58  66  78  86  94 102]
[ 16  17  18  20  21  28  30  32  89  90  93 102] [ 7 15 23 31 55 91] [  3  11  27  35  43  51  59  67  79  87  95 103]
[ 7  9 11 18 19 21 22 23 81 90 93 94] [ 8 12 16 32 56 92] [  0   4  24  28  44  48  52  68  80  84  88 104]
[18 19 20 22 23 30 32 34 55 56 59 68] [ 9 13 17 33 57 93] [  1   5  25  29  45  49  53  69  81  85  89 105]
[ 1  9 11 12 13 20 21 23 47 48 56 59] [10 14 18 34 58 94] [  2   6  26  30  46  50  54  70  82  86  90 106]
[ 12  13  20  21  22  24  32  34  85  93  94 106] [11 15 19 35 59 95] [  3   7  27  31  47  51  55  71  83  87  91 107]
[ 13  15  23  25  26  27  34  35  85  97  98 106] [ 0 12 28 32 60 96] [  4   8  16  20  36  48  64  68  72  84 100 104]
[ 0  2 10 24 26 27 34 35 36 60 63 71] [ 1 13 29 33 61 97] [  5   9  17  21  37  49  65  69  73  85 101 105]
[13 15 17 24 25 27 28 29 51 60 63 64] [ 2 14 30 34 62 98] [  6  10  18  22  38  50  66  70  74  86 102 106]
[  0   2   4  24  25  26  28  29  74  97  98 101] [ 3 15 31 35 63 99] [  7  11  19  23  39  51  67  71  75  87 103 107]
[ 15  17  19  26  27  29  30  31  89  98 101 102] [  4  16  24  32  64 100] [  0   8  12  20  40  52  60  68  76  88  96 104]
[ 2  4  6 26 27 28 30 31 40 63 64 67] [  5  17  25  33  65 101] [  1   9  13  21  41  53  61  69  77  89  97 105]
[17 19 21 28 29 31 32 33 55 64 67 68] [  6  18  26  34  66 102] [  2  10  14  22  42  54  62  70  78  90  98 106]
[  4   6   8  28  29  30  32  33  78 101 102 105] [  7  19  27  35  67 103] [  3  11  15  23  43  55  63  71  79  91  99 107]
[ 19  21  23  30  31  33  34  35  93 102 105 106] [  8  20  24  28  68 104] [  0   4  12  16  44  56  60  64  80  92  96 100]
[ 6  8 10 30 31 32 34 35 44 67 68 71] [  9  21  25  29  69 105] [  1   5  13  17  45  57  61  65  81  93  97 101]
[13 21 23 24 25 32 33 35 59 60 68 71] [ 10  22  26  30  70 106] [  2   6  14  18  46  58  62  66  82  94  98 102]
[  0   8  10  24  25  32  33  34  82  97 105 106] [ 11  23  27  31  71 107] [  3   7  15  19  47  59  63  67  83  95  99 103]
[ 1  2 10 25 37 38 39 46 47 61 63 71] [ 0 40 44 48 60 72] [ 4  8 12 24 52 56 64 68 76 80 84 96]
[36 38 39 46 47 48 50 58 72 75 83 84] [ 1 41 45 49 61 73] [ 5  9 13 25 53 57 65 69 77 81 85 97]
[36 37 39 40 41 61 63 65 72 75 76 99] [ 2 42 46 50 62 74] [ 6 10 14 26 54 58 66 70 78 82 86 98]
[ 1  2  5 14 36 37 38 40 41 48 50 52] [ 3 43 47 51 63 75] [ 7 11 15 27 55 59 67 71 79 83 87 99]
[ 2  5  6 29 38 39 41 42 43 63 65 67] [ 4 36 44 52 64 76] [  0   8  16  28  48  56  60  68  72  80  88 100]
[38 39 40 42 43 50 52 54 75 76 79 88] [ 5 37 45 53 65 77] [  1   9  17  29  49  57  61  69  73  81  89 101]
[ 40  41  43  44  45  65  67  69  76  79  80 103] [ 6 38 46 54 66 78] [  2  10  18  30  50  58  62  70  74  82  90 102]
[ 5  6  9 18 40 41 42 44 45 52 54 56] [ 7 39 47 55 67 79] [  3  11  19  31  51  59  63  71  75  83  91 103]
[ 6  9 10 33 42 43 45 46 47 67 69 71] [ 8 36 40 56 68 80] [  0   4  20  32  48  52  60  64  72  76  92 104]
[42 43 44 46 47 54 56 58 79 80 83 92] [ 9 37 41 57 69 81] [  1   5  21  33  49  53  61  65  73  77  93 105]
[ 36  37  44  45  47  61  69  71  72  80  83 107] [10 38 42 58 70 82] [  2   6  22  34  50  54  62  66  74  78  94 106]
[ 1  9 10 22 36 37 44 45 46 48 56 58] [11 39 43 59 71 83] [  3   7  23  35  51  55  63  67  75  79  95 107]
[ 1 13 14 22 37 39 47 49 50 51 58 59] [12 36 52 56 60 84] [ 0 16 20 24 40 44 64 68 72 88 92 96]
[48 50 51 58 59 60 62 70 84 87 95 96] [13 37 53 57 61 85] [ 1 17 21 25 41 45 65 69 73 89 93 97]
[37 39 41 48 49 51 52 53 75 84 87 88] [14 38 54 58 62 86] [ 2 18 22 26 42 46 66 70 74 90 94 98]
[13 14 17 26 48 49 50 52 53 60 62 64] [15 39 55 59 63 87] [ 3 19 23 27 43 47 67 71 75 91 95 99]
[ 5 14 17 18 39 41 43 50 51 53 54 55] [16 40 48 56 64 88] [  4  12  20  28  36  44  60  68  76  84  92 100]
[ 50  51  52  54  55  62  64  66  87  88  91 100] [17 41 49 57 65 89] [  5  13  21  29  37  45  61  69  77  85  93 101]
[41 43 45 52 53 55 56 57 79 88 91 92] [18 42 50 58 66 90] [  6  14  22  30  38  46  62  70  78  86  94 102]
[17 18 21 30 52 53 54 56 57 64 66 68] [19 43 51 59 67 91] [  7  15  23  31  39  47  63  71  79  87  95 103]
[ 9 18 21 22 43 45 47 54 55 57 58 59] [20 44 48 52 68 92] [  8  12  16  32  36  40  60  64  80  84  88 104]
[ 54  55  56  58  59  66  68  70  91  92  95 104] [21 45 49 53 69 93] [  9  13  17  33  37  41  61  65  81  85  89 105]
[37 45 47 48 49 56 57 59 83 84 92 95] [22 46 50 54 70 94] [ 10  14  18  34  38  42  62  66  82  86  90 106]
[13 21 22 34 48 49 56 57 58 60 68 70] [23 47 51 55 71 95] [ 11  15  19  35  39  43  63  67  83  87  91 107]
[13 25 26 34 49 51 59 61 62 63 70 71] [24 36 48 64 68 96] [  0  12  28  32  40  44  52  56  72  84 100 104]
[ 36  38  46  60  62  63  70  71  72  96  99 107] [25 37 49 65 69 97] [  1  13  29  33  41  45  53  57  73  85 101 105]
[ 49  51  53  60  61  63  64  65  87  96  99 100] [26 38 50 66 70 98] [  2  14  30  34  42  46  54  58  74  86 102 106]
[ 2 25 26 29 36 38 40 60 61 62 64 65] [27 39 51 67 71 99] [  3  15  31  35  43  47  55  59  75  87 103 107]
[17 26 29 30 51 53 55 62 63 65 66 67] [ 28  40  52  60  68 100] [  4  16  24  32  36  44  48  56  76  88  96 104]
[ 38  40  42  62  63  64  66  67  76  99 100 103] [ 29  41  53  61  69 101] [  5  17  25  33  37  45  49  57  77  89  97 105]
[ 53  55  57  64  65  67  68  69  91 100 103 104] [ 30  42  54  62  70 102] [  6  18  26  34  38  46  50  58  78  90  98 106]
[ 6 29 30 33 40 42 44 64 65 66 68 69] [ 31  43  55  63  71 103] [  7  19  27  35  39  47  51  59  79  91  99 107]
[21 30 33 34 55 57 59 66 67 69 70 71] [ 32  44  56  60  64 104] [  8  20  24  28  36  40  48  52  80  92  96 100]
[ 42  44  46  66  67  68  70  71  80 103 104 107] [ 33  45  57  61  65 105] [  9  21  25  29  37  41  49  53  81  93  97 101]
[ 49  57  59  60  61  68  69  71  95  96 104 107] [ 34  46  58  62  66 106] [ 10  22  26  30  38  42  50  54  82  94  98 102]
[10 25 33 34 36 44 46 60 61 68 69 70] [ 35  47  59  63  67 107] [ 11  23  27  31  39  43  51  55  83  95  99 103]
[ 37  38  46  61  73  74  75  82  83  97  99 107] [ 0 36 76 80 84 96] [  4   8  12  24  40  44  48  60  88  92 100 104]
[ 0  3 11 12 72 74 75 82 83 84 86 94] [ 1 37 77 81 85 97] [  5   9  13  25  41  45  49  61  89  93 101 105]
[  0   3   4  27  72  73  75  76  77  97  99 101] [ 2 38 78 82 86 98] [  6  10  14  26  42  46  50  62  90  94 102 106]
[37 38 41 50 72 73 74 76 77 84 86 88] [ 3 39 79 83 87 99] [  7  11  15  27  43  47  51  63  91  95 103 107]
[ 38  41  42  65  74  75  77  78  79  99 101 103] [  4  40  72  80  88 100] [  0   8  16  28  36  44  52  64  84  92  96 104]
[ 3  4  7 16 74 75 76 78 79 86 88 90] [  5  41  73  81  89 101] [  1   9  17  29  37  45  53  65  85  93  97 105]
[  4   7   8  31  76  77  79  80  81 101 103 105] [  6  42  74  82  90 102] [  2  10  18  30  38  46  54  66  86  94  98 106]
[41 42 45 54 76 77 78 80 81 88 90 92] [  7  43  75  83  91 103] [  3  11  19  31  39  47  55  67  87  95  99 107]
[ 42  45  46  69  78  79  81  82  83 103 105 107] [  8  44  72  76  92 104] [  0   4  20  32  36  40  56  68  84  88  96 100]
[ 7  8 11 20 78 79 80 82 83 90 92 94] [  9  45  73  77  93 105] [  1   5  21  33  37  41  57  69  85  89  97 101]
[  0   8  11  35  72  73  80  81  83  97 105 107] [ 10  46  74  78  94 106] [  2   6  22  34  38  42  58  70  86  90  98 102]
[37 45 46 58 72 73 80 81 82 84 92 94] [ 11  47  75  79  95 107] [  3   7  23  35  39  43  59  71  87  91  99 103]
[37 49 50 58 73 75 83 85 86 87 94 95] [12 48 72 88 92 96] [  0  16  20  24  36  52  56  60  76  80 100 104]
[ 12  15  23  24  84  86  87  94  95  96  98 106] [13 49 73 89 93 97] [  1  17  21  25  37  53  57  61  77  81 101 105]
[ 3 12 15 16 73 75 77 84 85 87 88 89] [14 50 74 90 94 98] [  2  18  22  26  38  54  58  62  78  82 102 106]
[ 49  50  53  62  84  85  86  88  89  96  98 100] [15 51 75 91 95 99] [  3  19  23  27  39  55  59  63  79  83 103 107]
[41 50 53 54 75 77 79 86 87 89 90 91] [ 16  52  76  84  92 100] [  4  12  20  28  40  48  56  64  72  80  96 104]
[ 15  16  19  28  86  87  88  90  91  98 100 102] [ 17  53  77  85  93 101] [  5  13  21  29  41  49  57  65  73  81  97 105]
[ 7 16 19 20 77 79 81 88 89 91 92 93] [ 18  54  78  86  94 102] [  6  14  22  30  42  50  58  66  74  82  98 106]
[ 53  54  57  66  88  89  90  92  93 100 102 104] [ 19  55  79  87  95 103] [  7  15  23  31  43  51  59  67  75  83  99 107]
[45 54 57 58 79 81 83 90 91 93 94 95] [ 20  56  80  84  88 104] [  8  12  16  32  44  48  52  68  72  76  96 100]
[ 19  20  23  32  90  91  92  94  95 102 104 106] [ 21  57  81  85  89 105] [  9  13  17  33  45  49  53  69  73  77  97 101]
[11 12 20 23 73 81 83 84 85 92 93 95] [ 22  58  82  86  90 106] [ 10  14  18  34  46  50  54  70  74  78  98 102]
[ 49  57  58  70  84  85  92  93  94  96 104 106] [ 23  59  83  87  91 107] [ 11  15  19  35  47  51  55  71  75  79  99 103]
[ 49  61  62  70  85  87  95  97  98  99 106 107] [ 24  60  72  84 100 104] [ 0 12 28 32 36 48 64 68 76 80 88 92]
[  0  24  27  35  72  74  82  96  98  99 106 107] [ 25  61  73  85 101 105] [ 1 13 29 33 37 49 65 69 77 81 89 93]
[ 15  24  27  28  85  87  89  96  97  99 100 101] [ 26  62  74  86 102 106] [ 2 14 30 34 38 50 66 70 78 82 90 94]
[ 38  61  62  65  72  74  76  96  97  98 100 101] [ 27  63  75  87 103 107] [ 3 15 31 35 39 51 67 71 79 83 91 95]
[ 53  62  65  66  87  89  91  98  99 101 102 103] [ 28  64  76  88  96 104] [ 4 16 24 32 40 52 60 68 72 80 84 92]
[  4  27  28  31  74  76  78  98  99 100 102 103] [ 29  65  77  89  97 105] [ 5 17 25 33 41 53 61 69 73 81 85 93]
[ 19  28  31  32  89  91  93 100 101 103 104 105] [ 30  66  78  90  98 106] [ 6 18 26 34 42 54 62 70 74 82 86 94]
[ 42  65  66  69  76  78  80 100 101 102 104 105] [ 31  67  79  91  99 107] [ 7 19 27 35 43 55 63 71 75 83 87 95]
[ 57  66  69  70  91  93  95 102 103 105 106 107] [ 32  68  80  92  96 100] [ 8 20 24 28 44 56 60 64 72 76 84 88]
[  8  31  32  35  78  80  82 102 103 104 106 107] [ 33  69  81  93  97 101] [ 9 21 25 29 45 57 61 65 73 77 85 89]
[ 23  24  32  35  85  93  95  96  97 104 105 107] [ 34  70  82  94  98 102] [10 22 26 30 46 58 62 66 74 78 86 90]
[ 46  61  69  70  72  80  82  96  97 104 105 106] [ 35  71  83  95  99 103] [11 23 27 31 47 59 63 67 75 79 87 91]
